settings:
  ambient: 0.163462/0.163462/0.163462
  diffuse: 0.000000/0.000000/0.000000
  specular: 1.000000/1.000000/1.000000
  emissive: 0.000000/0.000000/0.000000
  shininess: 0
  hasNormal: true
  hasCelshade: false
  specularFactor: 1
  metallicFactor: 1
  roughnessFactor: 1
  ao: 0.163461998
  clearCoatFactor: 0
  clearCoatRoughnessFactor: 0
  pipeline: 1
  texturesCount: 0