settings:
  ambient: 0.800000/0.800000/0.800000
  diffuse: 0.800000/0.800000/0.800000
  specular: 0.800000/0.800000/0.800000
  emissive: 0.000000/0.000000/0.000000
  shininess: 500
  hasNormal: true
  hasCelshade: false
  specularFactor: 1
  metallicFactor: 1
  roughnessFactor: 1
  ao: 0.800000012
  clearCoatFactor: 0
  clearCoatRoughnessFactor: 0
  pipeline: 1
  texturesCount: 0