settings:
  ambient: 1.000000/1.000000/1.000000
  diffuse: 0.800000/0.758778/0.419002
  specular: 0.500000/0.500000/0.500000
  emissive: 0.000000/0.000000/0.000000
  shininess: 225
  hasNormal: false
  hasCelshade: false
  specularFactor: 1
  metallicFactor: 1
  roughnessFactor: 0.200000003
  ao: 1
  clearCoatFactor: 0
  clearCoatRoughnessFactor: 0
  pipeline: 1
  texturesCount: 0