settings:
  ambient: 0.000000/0.000000/0.000000
  diffuse: 0.200000/0.200000/0.500000
  specular: 0.000000/0.000000/0.000000
  emissive: 0.000000/0.000000/0.000000
  shininess: 0
  hasNormal: true
  specularFactor: 1
  metallicFactor: 0
  roughnessFactor: 1
  ao: 1
  clearCoatFactor: 0
  clearCoatRoughnessFactor: 0
  pipeline: 1
  texturesCount: 0