settings:
  ambient: 0.200000/0.200000/0.200000
  diffuse: 1.000000/0.600000/0.200000
  specular: 0.000000/0.000000/0.000000
  emissive: 0.000000/0.000000/0.000000
  shininess: 0
  hasNormal: false
  specularFactor: 1
  metallicFactor: 1
  roughnessFactor: 0.200000003
  ao: 1
  clearCoatFactor: 0
  clearCoatRoughnessFactor: 0
  pipeline: 1
  texturesCount: 0