settings:
  ambient: 1.000000/1.000000/1.000000
  diffuse: 0.500000/1.000000/0.500000
  specular: 0.500000/0.500000/0.500000
  emissive: 0.000000/0.000000/0.000000
  shininess: 225
  hasNormal: false
  specularFactor: 1
  metallicFactor: 0.699999988
  roughnessFactor: 0.600000024
  ao: 1
  clearCoatFactor: 0
  clearCoatRoughnessFactor: 0
  pipeline: 1
  texturesCount: 0