settings:
  ambient: 1.000000/1.000000/1.000000
  diffuse: 0.000000/0.000000/0.000000
  specular: 1.000000/1.000000/1.000000
  emissive: 0.000000/0.000000/0.000000
  shininess: 804.49585
  hasNormal: false
  hasCelshade: false
  specularFactor: 1
  metallicFactor: 0
  roughnessFactor: 0
  ao: 1
  clearCoatFactor: 0
  clearCoatRoughnessFactor: 0
  pipeline: 1
  texturesCount: 0