settings:
  ambient: 1.000000/1.000000/1.000000
  diffuse: 1.000000/1.000000/1.000000
  specular: 0.350000/0.350000/0.350000
  emissive: 0.000000/0.000000/0.000000
  shininess: 32
  hasNormal: true
  hasCelshade: false
  specularFactor: 1
  metallicFactor: 1
  roughnessFactor: 1
  ao: 1
  clearCoatFactor: 0
  clearCoatRoughnessFactor: 0
  pipeline: 1
  texturesCount: 0